156156
15151
5151
55
15561
51511
51561
5151
515
5115
51
1551
151
1721
51
511
5121
5121
521
1523
1512
13312
5131
51
111561
141
811
11511
519
51
151
151
1591
91
311
5611
65191
891
148981
179
1419
8119
5198
131
561891
561981
41891
81891
651658911
11589
6511
61851
8611
681
861168
6116161
511151
515615
65181
1219851
81
2259819
181
911
911
911
9818
91
891
19881
1781
13891
9198
98189
511
151
89161
121
98289
17189
16161
43481
1681
4181
911
511887
5648
1561
1561
1561156
151
61
5111
51551
582
1535
15644
14534
18
8148