15656
1511
5152
522
1512
51216
512
51526
5152
515
52651
1552651
1561561
1781
519
511
51151
51156
581
15561
1591561
139115
51
51111
115
14819
81845611
11511561
5181
511
15151
15151
151
989511
3189151
56181
65111
889181
14811
17181
1481849
811881
562
131
5627811
561678
41261781
8127
65162
1151
651251
61251
8611
681251
8618892
619812
5181
5156511
65185
1219118
8811
22915819
1815
9111
9111
91551
981151
914151
89
194818
1711
13581
91
9811
5158
15511
895181
12
988519
171
161816
43181
1618
411511
91181
51181
568
15418
1589411
151569
158
61118
5111
511
58885118
151
1581
14881
1881181
8151